    1          0.0165          3.1005          0.0468
    2          0.0153          0.0855          0.0509
    3          0.0685          0.1005          0.0434
    4          0.7566          0.2787          0.0419
    5          3.1765          0.5855          0.0436
    6          4.0538          1.5557          0.0592
    7          4.1739          1.5403          0.0524
    8          5.0303          1.8637          0.0494
    9          4.9321          2.6131          0.0503
   10          4.3785          1.9253          0.0422
   11          4.6240          1.5898          0.0465
   12          5.3309          1.0058          0.0510
   13          5.2715          1.9899          0.0648
   14          5.0181          1.7473          0.0480
   15          4.8892          1.3325          0.0534
   16          5.4951          1.0043          0.0481
   17          5.7810          1.0831          0.0392
   18          5.4652          1.4162          0.0537
   19          4.8293          1.3127          0.0531
   20          4.7651          1.2798          0.0442
   21          5.4487          1.1591          0.0539
